>>> from caixeiro import *
>>> a = TSP('in1')
>>> m = a.neighbors([0,1,2,3,4,5,6])
>>> m
[([1, 0, 2, 3, 4, 5, 6], 12.714776642118863), ([2, 1, 0, 3, 4, 5, 6], 12.82842712474619), ([3, 1, 2, 0, 4, 5, 6], 15.009455142990337), ([4, 1, 2, 3, 0, 5, 6], 17.36574631273695), ([5, 1, 2, 3, 4, 0, 6], 15.79315200332763), ([6, 1, 2, 3, 4, 5, 0], 14.42366870536343), ([0, 2, 1, 3, 4, 5, 6], 13.122417494872465), ([0, 3, 2, 1, 4, 5, 6], 14.650281539872886), ([0, 4, 2, 3, 1, 5, 6], 17.615006418454325), ([0, 5, 2, 3, 4, 1, 6], 17.252095830109624), ([0, 6, 2, 3, 4, 5, 1], 14.084259940083065), ([0, 1, 3, 2, 4, 5, 6], 13.30056307974577), ([0, 1, 4, 3, 2, 5, 6], 14.307135789365265), ([0, 1, 5, 3, 4, 2, 6], 14.084259940083065), ([0, 1, 6, 3, 4, 5, 2], 13.543203766865053), ([0, 1, 2, 4, 3, 5, 6], 11.478708664619074), ([0, 1, 2, 5, 4, 3, 6], 12.307135789365267), ([0, 1, 2, 6, 4, 5, 3], 13.656854249492381), ([0, 1, 2, 3, 5, 4, 6], 12.307135789365265), ([0, 1, 2, 3, 6, 5, 4], 13.365746312736945), ([0, 1, 2, 3, 4, 6, 5], 14.194173437483137)]


# ----------------------------------------------------------------------------------

>>> for i in m:
...     print i

([1, 0, 2, 3, 4, 5, 6], 12.714776642118863)
([2, 1, 0, 3, 4, 5, 6], 12.82842712474619)
([3, 1, 2, 0, 4, 5, 6], 15.009455142990337)
([4, 1, 2, 3, 0, 5, 6], 17.36574631273695)
([5, 1, 2, 3, 4, 0, 6], 15.79315200332763)
([6, 1, 2, 3, 4, 5, 0], 14.42366870536343)
([0, 2, 1, 3, 4, 5, 6], 13.122417494872465)
([0, 3, 2, 1, 4, 5, 6], 14.650281539872886)
([0, 4, 2, 3, 1, 5, 6], 17.615006418454325)
([0, 5, 2, 3, 4, 1, 6], 17.252095830109624)
([0, 6, 2, 3, 4, 5, 1], 14.084259940083065)
([0, 1, 3, 2, 4, 5, 6], 13.30056307974577)
([0, 1, 4, 3, 2, 5, 6], 14.307135789365265)
([0, 1, 5, 3, 4, 2, 6], 14.084259940083065)
([0, 1, 6, 3, 4, 5, 2], 13.543203766865053)
([0, 1, 2, 4, 3, 5, 6], 11.478708664619074)
([0, 1, 2, 5, 4, 3, 6], 12.307135789365267)
([0, 1, 2, 6, 4, 5, 3], 13.656854249492381)
([0, 1, 2, 3, 5, 4, 6], 12.307135789365265)
([0, 1, 2, 3, 6, 5, 4], 13.365746312736945)
([0, 1, 2, 3, 4, 6, 5], 14.194173437483137)


>>> m = a.neighbors([0,1,2,3,4,5,6], 'op2')
>>> for i in m:
...      print i
... 

# Pegando uma faixa e troca a faixa inteira.

([1, 0, 2, 3, 4, 5, 6], 12.714776642118863)
([2, 1, 0, 3, 4, 5, 6], 12.82842712474619)
([3, 2, 1, 0, 4, 5, 6], 13.365746312736945)
([4, 3, 2, 1, 0, 5, 6], 14.194173437483135)
([5, 4, 3, 2, 1, 0, 6], 11.478708664619074)
([6, 5, 4, 3, 2, 1, 0], 11.478708664619075)
([0, 2, 1, 3, 4, 5, 6], 13.122417494872465)
([0, 3, 2, 1, 4, 5, 6], 14.650281539872886)
([0, 4, 3, 2, 1, 5, 6], 15.793152003327629)
([0, 5, 4, 3, 2, 1, 6], 14.423668705363431)
([0, 6, 5, 4, 3, 2, 1], 11.478708664619075)
([0, 1, 3, 2, 4, 5, 6], 13.30056307974577)
([0, 1, 4, 3, 2, 5, 6], 14.307135789365265)
([0, 1, 5, 4, 3, 2, 6], 14.084259940083065)
([0, 1, 6, 5, 4, 3, 2], 12.714776642118865)
([0, 1, 2, 4, 3, 5, 6], 11.478708664619074)
([0, 1, 2, 5, 4, 3, 6], 12.307135789365267)
([0, 1, 2, 6, 5, 4, 3], 12.828427124746192)
([0, 1, 2, 3, 5, 4, 6], 12.307135789365265)
([0, 1, 2, 3, 6, 5, 4], 13.365746312736945)
([0, 1, 2, 3, 4, 6, 5], 14.194173437483137)
>>> 


 # AS 8 VARIAÇÕES PARA ENTRADA in1
# python encosta.py 'in1'
([4, 2, 1, 0, 3, 5, 6, 7, 8, 9, 10, 11], 23.186912597118447)
([5, 0, 1, 2, 4, 3, 6, 7, 8, 9, 10, 11], 23.7242317851092)
([4, 2, 1, 0, 3, 5, 6, 7, 8, 9, 10, 11], 23.186912597118447)
([0, 1, 2, 4, 3, 6, 5, 11, 10, 9, 8, 7], 21.36505818199175)
([10, 8, 4, 0, 9, 7, 11, 1, 3, 6, 5, 2], 25.36505818199175)
([8, 0, 2, 7, 6, 1, 3, 4, 10, 11, 5, 9], 25.36505818199175)
([0, 2, 5, 10, 4, 7, 3, 9, 11, 6, 8, 1], 25.36505818199175)
([3, 5, 9, 7, 1, 6, 2, 10, 4, 8, 11, 0], 25.36505818199175)


([4, 2, 1, 0, 3, 5, 6, 7, 8, 9, 10, 11], 23.186912597118447)
([0, 1, 2, 3, 4, 11, 10, 9, 8, 7, 5, 6], 23.7242317851092)
([4, 2, 1, 0, 3, 5, 6, 7, 8, 9, 10, 11], 23.186912597118447)
([4, 3, 2, 1, 0, 6, 7, 8, 9, 5, 10, 11], 21.251407699364425)
([8, 3, 11, 6, 4, 7, 1, 0, 2, 10, 5, 9], 25.36505818199175)
([7, 5, 2, 1, 8, 4, 3, 9, 11, 0, 10, 6], 25.36505818199175)
([7, 2, 3, 1, 0, 10, 9, 8, 4, 11, 6, 5], 25.36505818199175)
([2, 5, 10, 0, 3, 7, 8, 4, 9, 1, 11, 6], 25.36505818199175)

# As variações não aleatórias vão dá resultado igual, já as com aleatorização podem dá igual mas em essência vão ser diferentes. 

# ----------------------------------------------------------------------------------

*#
NO ALGORITMO: PEGA O 1° ESTADO, OLHA PARA TODOS OS VIZINHOS DELE. ENCONTRA UM VIZINHO QUE É MELHOR DO QUE ELE, ENCONTRA UM VISINHO DELE ...E ASSIM POR DIANTE.
Quando o algoritmo é aleatório, não podemos analisar usando o pior caso. Temos que analisar usando o caso médio. (Variações aleatórias).


Para o arquivo entrada
1° execução:

[57.61816849186269, 57.61816849186269, 57.61816849186269, 57.61816849186269, 57.61816849186269, 57.61816849186269, 57.61816849186269, 57.61816849186269, 57.61816849186269, 57.61816849186269, 57.61816849186269, 57.61816849186269, 57.61816849186269, 57.61816849186269, 57.61816849186269, 57.61816849186269, 57.61816849186269, 57.61816849186269, 57.61816849186269, 57.61816849186269]
[53.47869347467328, 50.04322887558777, 47.05078606887203, 50.452368668455684, 45.7384383930881, 53.328121743847156, 54.232960409008165, 44.818801420039016, 47.92686718517844, 58.333243869965436, 46.14336803805969, 49.97658417711209, 43.7384383930881, 49.08797043768059, 42.87165600033397, 45.540330235010885, 48.82789889975761, 52.82755532470709, 45.04591596975904, 53.10712011467073]
[38.54710067999721, 38.54710067999721, 38.54710067999721, 38.54710067999721, 38.54710067999721, 38.54710067999721, 38.54710067999721, 38.54710067999721, 38.54710067999721, 38.54710067999721, 38.54710067999721, 38.54710067999721, 38.54710067999721, 38.54710067999721, 38.54710067999721, 38.54710067999721, 38.54710067999721, 38.54710067999721, 38.54710067999721, 38.54710067999721]
[39.783168657496994, 40.8137449053914, 38.54710067999721, 38.547100679997214, 38.547100679997214, 37.89681914012432, 37.31103270249742, 37.311032702497414, 40.43345019736988, 38.547100679997214, 37.31103270249742, 37.311032702497414, 40.8137449053914, 39.605023072623695, 38.54710067999721, 41.30832149471541, 37.89681914012433, 37.311032702497414, 37.311032702497414, 41.3307975403345]
[85.78862384743135, 85.78862384743135, 41.44071103773458, 49.31882652876173, 85.78862384743135, 85.78862384743135, 85.78862384743135, 85.78862384743135, 85.78862384743135, 85.78862384743135, 85.78862384743135, 85.78862384743135, 85.78862384743135, 85.78862384743135, 85.78862384743135, 85.78862384743135, 85.78862384743135, 85.78862384743135, 85.78862384743135, 39.81222871041952]
[45.32150232524908, 85.78862384743135, 85.78862384743135, 85.78862384743135, 52.76711431725745, 85.78862384743135, 85.78862384743135, 47.544378174531275, 44.767102997425255, 46.463011965502965, 50.84653129493702, 85.78862384743135, 85.78862384743135, 45.86237208293246, 85.78862384743135, 85.78862384743135, 85.78862384743135, 85.78862384743135, 50.58253572932068, 85.78862384743135]
[85.78862384743135, 85.78862384743135, 85.78862384743135, 85.78862384743135, 85.78862384743135, 38.54710067999721, 37.89681914012432, 40.31760541211691, 37.89681914012433, 85.78862384743135, 38.547100679997214, 85.78862384743135, 85.78862384743135, 85.78862384743135, 85.78862384743135, 39.311032702497414, 85.78862384743135, 85.78862384743135, 85.78862384743135, 85.78862384743135]
[85.78862384743135, 85.78862384743135, 85.78862384743135, 85.78862384743135, 85.78862384743135, 85.78862384743135, 85.78862384743135, 85.78862384743135, 85.78862384743135, 37.311032702497414, 37.31103270249742, 85.78862384743135, 40.43345019736988, 85.78862384743135, 85.78862384743135, 39.19738221987009, 85.78862384743135, 85.78862384743135, 85.78862384743135, 85.78862384743135]
duracao: 29.309072



2° execução:

[57.61816849186269, 57.61816849186269, 57.61816849186269, 57.61816849186269, 57.61816849186269, 57.61816849186269, 57.61816849186269, 57.61816849186269, 57.61816849186269, 57.61816849186269, 57.61816849186269, 57.61816849186269, 57.61816849186269, 57.61816849186269, 57.61816849186269, 57.61816849186269, 57.61816849186269, 57.61816849186269, 57.61816849186269, 57.61816849186269]
[53.47869347467328, 50.04322887558777, 47.05078606887203, 50.452368668455684, 45.7384383930881, 53.328121743847156, 54.232960409008165, 44.818801420039016, 47.92686718517844, 58.333243869965436, 46.14336803805969, 49.97658417711209, 43.7384383930881, 49.08797043768059, 42.87165600033397, 45.540330235010885, 48.82789889975761, 52.82755532470709, 45.04591596975904, 53.10712011467073]
[38.54710067999721, 38.54710067999721, 38.54710067999721, 38.54710067999721, 38.54710067999721, 38.54710067999721, 38.54710067999721, 38.54710067999721, 38.54710067999721, 38.54710067999721, 38.54710067999721, 38.54710067999721, 38.54710067999721, 38.54710067999721, 38.54710067999721, 38.54710067999721, 38.54710067999721, 38.54710067999721, 38.54710067999721, 38.54710067999721]
[39.783168657496994, 40.8137449053914, 38.54710067999721, 38.547100679997214, 38.547100679997214, 37.89681914012432, 37.31103270249742, 37.311032702497414, 40.43345019736988, 38.547100679997214, 37.31103270249742, 37.311032702497414, 40.8137449053914, 39.605023072623695, 38.54710067999721, 41.30832149471541, 37.89681914012433, 37.311032702497414, 37.311032702497414, 41.3307975403345]
[85.78862384743135, 85.78862384743135, 41.44071103773458, 49.31882652876173, 85.78862384743135, 85.78862384743135, 85.78862384743135, 85.78862384743135, 85.78862384743135, 85.78862384743135, 85.78862384743135, 85.78862384743135, 85.78862384743135, 85.78862384743135, 85.78862384743135, 85.78862384743135, 85.78862384743135, 85.78862384743135, 85.78862384743135, 39.81222871041952]
[45.32150232524908, 85.78862384743135, 85.78862384743135, 85.78862384743135, 52.76711431725745, 85.78862384743135, 85.78862384743135, 47.544378174531275, 44.767102997425255, 46.463011965502965, 50.84653129493702, 85.78862384743135, 85.78862384743135, 45.86237208293246, 85.78862384743135, 85.78862384743135, 85.78862384743135, 85.78862384743135, 50.58253572932068, 85.78862384743135]
[85.78862384743135, 85.78862384743135, 85.78862384743135, 85.78862384743135, 85.78862384743135, 38.54710067999721, 37.89681914012432, 40.31760541211691, 37.89681914012433, 85.78862384743135, 38.547100679997214, 85.78862384743135, 85.78862384743135, 85.78862384743135, 85.78862384743135, 39.311032702497414, 85.78862384743135, 85.78862384743135, 85.78862384743135, 85.78862384743135]
[85.78862384743135, 85.78862384743135, 85.78862384743135, 85.78862384743135, 85.78862384743135, 85.78862384743135, 85.78862384743135, 85.78862384743135, 85.78862384743135, 37.311032702497414, 37.31103270249742, 85.78862384743135, 40.43345019736988, 85.78862384743135, 85.78862384743135, 39.19738221987009, 85.78862384743135, 85.78862384743135, 85.78862384743135, 85.78862384743135]
duracao: 29.309072

A seguir podemos observar o melhor valor para cada variação na 1° Execução.
Variação 1 - 57.618; Variação 2 - 42.871; Variação 3  - 38.547; Variação 4 - 37.311; Variação 5 - 41.440; Variação 6 - 44.767; Variação 7 -  37.896;
Variação 8 - 37.311;
Para a 2° execução temos.
Variação 1 - 57.618; Variação 2 - 42.871; Variação 3  - 38.547; Variação 4 - 37.311; Variação 5 - 41.440; Variação 6 - 44.767; Variação 7 -  37.896;
Variação 8 - 37.311;

******************************************************************************************************************************************
A 1° e 3° variação tem sempre a mesma coisa.


[23.186912597118447, 23.186912597118447, 23.186912597118447, 23.186912597118447, 23.186912597118447, 23.186912597118447, 23.186912597118447, 23.186912597118447, 23.186912597118447, 23.186912597118447, 23.186912597118447, 23.186912597118447, 23.186912597118447, 23.186912597118447, 23.186912597118447, 23.186912597118447, 23.186912597118447, 23.186912597118447, 23.186912597118447, 23.186912597118447]
[23.7242317851092, 20.779271744364845, 23.7242317851092, 23.186912597118447, 20.779271744364845, 23.7242317851092, 24.488163807609414, 24.488163807609414, 23.7242317851092, 23.7242317851092, 23.7242317851092, 23.7242317851092, 21.251407699364425, 20.779271744364845, 23.7242317851092, 21.251407699364425, 21.251407699364425, 23.7242317851092, 23.7242317851092, 23.7242317851092]
[23.186912597118447, 23.186912597118447, 23.186912597118447, 23.186912597118447, 23.186912597118447, 23.186912597118447, 23.186912597118447, 23.186912597118447, 23.186912597118447, 23.186912597118447, 23.186912597118447, 23.186912597118447, 23.186912597118447, 23.186912597118447, 23.186912597118447, 23.186912597118447, 23.186912597118447, 23.186912597118447, 23.186912597118447, 23.186912597118447]
[20.779271744364845, 20.779271744364845, 20.779271744364845, 20.779271744364845, 21.36505818199175, 21.36505818199175, 21.251407699364425, 21.251407699364425, 21.36505818199175, 21.251407699364425, 21.251407699364425, 23.186912597118447, 20.779271744364845, 21.251407699364425, 21.251407699364425, 20.779271744364845, 21.251407699364425, 20.779271744364845, 20.779271744364845, 20.779271744364845]
[25.36505818199175, 25.36505818199175, 25.36505818199175, 25.36505818199175, 25.36505818199175, 25.36505818199175, 25.36505818199175, 25.36505818199175, 25.36505818199175, 25.36505818199175, 25.36505818199175, 25.36505818199175, 25.36505818199175, 25.36505818199175, 25.36505818199175, 25.36505818199175, 25.36505818199175, 25.36505818199175, 25.36505818199175, 25.36505818199175]
[25.36505818199175, 25.36505818199175, 25.36505818199175, 25.36505818199175, 25.36505818199175, 25.36505818199175, 25.36505818199175, 25.36505818199175, 25.36505818199175, 25.36505818199175, 25.36505818199175, 25.36505818199175, 25.36505818199175, 25.36505818199175, 25.36505818199175, 25.36505818199175, 25.36505818199175, 25.36505818199175, 25.36505818199175, 25.36505818199175]
[25.36505818199175, 25.36505818199175, 25.36505818199175, 25.36505818199175, 25.36505818199175, 25.36505818199175, 25.36505818199175, 25.36505818199175, 25.36505818199175, 25.36505818199175, 25.36505818199175, 25.36505818199175, 25.36505818199175, 25.36505818199175, 25.36505818199175, 25.36505818199175, 25.36505818199175, 25.36505818199175, 25.36505818199175, 25.36505818199175]
[25.36505818199175, 25.36505818199175, 25.36505818199175, 25.36505818199175, 25.36505818199175, 25.36505818199175, 25.36505818199175, 25.36505818199175, 25.36505818199175, 25.36505818199175, 25.36505818199175, 25.36505818199175, 25.36505818199175, 25.36505818199175, 25.36505818199175, 25.36505818199175, 25.36505818199175, 25.36505818199175, 25.36505818199175, 25.36505818199175]
duracao: 0.685359



# ----------------------------------------------------------------------------------

TEMPO DE EXECUÇÃO arq0, arq1, arq2, entrada
lupum@lupum-Aspire-E5-471:~/SubidaEmEncosta$ python encosta.py 'arq1'
[23.186, 23.186, 23.186, 23.186, 23.186, 23.186, 23.186, 23.186, 23.186, 23.186, 23.186, 23.186, 23.186, 23.186, 23.186, 23.186, 23.186, 23.186, 23.186, 23.186]
[23.724, 23.724, 21.251, 23.724, 20.779, 23.724, 24.488, 21.251, 23.724, 23.724, 20.779, 23.186, 23.724, 23.186, 23.186, 23.724, 23.724, 23.186, 23.724, 21.251]
[23.186, 23.186, 23.186, 23.186, 23.186, 23.186, 23.186, 23.186, 23.186, 23.186, 23.186, 23.186, 23.186, 23.186, 23.186, 23.186, 23.186, 23.186, 23.186, 23.186]
[21.251, 20.779, 23.186, 21.251, 20.779, 20.779, 20.779, 20.779, 21.251, 20.779, 21.365, 21.365, 21.365, 21.837, 20.779, 21.251, 23.186, 20.779, 21.251, 21.837]
[25.365, 25.365, 25.365, 25.365, 25.365, 25.365, 25.365, 25.365, 25.365, 25.365, 25.365, 25.365, 25.365, 25.365, 25.365, 25.365, 25.365, 25.365, 25.365, 25.365]
[25.365, 25.365, 25.365, 25.365, 25.365, 25.365, 25.365, 25.365, 25.365, 25.365, 25.365, 25.365, 25.365, 25.365, 25.365, 25.365, 25.365, 25.365, 25.365, 25.365]
[25.365, 25.365, 25.365, 25.365, 25.365, 25.365, 25.365, 25.365, 25.365, 25.365, 25.365, 25.365, 25.365, 25.365, 25.365, 25.365, 25.365, 25.365, 25.365, 25.365]
[25.365, 25.365, 25.365, 25.365, 25.365, 25.365, 25.365, 25.365, 25.365, 25.365, 25.365, 25.365, 25.365, 25.365, 25.365, 25.365, 25.365, 25.365, 25.365, 25.365]
duracao: 0.639208
lupum@lupum-Aspire-E5-471:~/SubidaEmEncosta$ python encosta.py 'arq0'
[8.0, 8.0, 8.0, 8.0, 8.0, 8.0, 8.0, 8.0, 8.0, 8.0, 8.0, 8.0, 8.0, 8.0, 8.0, 8.0, 8.0, 8.0, 8.0, 8.0]
[8.0, 8.0, 8.0, 8.0, 8.0, 8.0, 8.0, 8.0, 8.0, 8.0, 8.0, 8.0, 8.0, 8.0, 8.0, 8.0, 8.0, 8.0, 8.0, 8.0]
[8.0, 8.0, 8.0, 8.0, 8.0, 8.0, 8.0, 8.0, 8.0, 8.0, 8.0, 8.0, 8.0, 8.0, 8.0, 8.0, 8.0, 8.0, 8.0, 8.0]
[8.0, 8.0, 8.0, 8.0, 8.0, 8.0, 8.0, 8.0, 8.0, 8.0, 8.0, 8.0, 8.0, 8.0, 8.0, 8.0, 8.0, 8.0, 8.0, 8.0]
[8.0, 8.0, 8.0, 8.0, 8.0, 8.0, 8.0, 8.0, 8.0, 8.0, 8.0, 8.0, 8.0, 8.0, 8.0, 8.0, 8.0, 8.0, 8.0, 8.0]
[8.0, 8.0, 8.0, 8.0, 8.0, 8.0, 8.0, 8.0, 8.0, 8.0, 8.0, 8.0, 8.0, 8.0, 8.0, 8.0, 8.0, 8.0, 8.0, 8.0]
[8.0, 8.0, 8.0, 8.0, 8.0, 8.0, 8.0, 8.0, 8.0, 8.0, 8.0, 8.0, 8.0, 8.0, 8.0, 8.0, 8.0, 8.0, 8.0, 8.0]
[8.0, 8.0, 8.0, 8.0, 8.0, 8.0, 8.0, 8.0, 8.0, 8.0, 8.0, 8.0, 8.0, 8.0, 8.0, 8.0, 8.0, 8.0, 8.0, 8.0]
duracao: 0.075858
lupum@lupum-Aspire-E5-471:~/SubidaEmEncosta$ python encosta.py 'arq2'
[31.627, 31.627, 31.627, 31.627, 31.627, 31.627, 31.627, 31.627, 31.627, 31.627, 31.627, 31.627, 31.627, 31.627, 31.627, 31.627, 31.627, 31.627, 31.627, 31.627]
[38.237, 37.288, 30.937, 30.937, 32.937, 30.937, 34.495, 32.286, 37.326, 36.977, 34.351, 31.627, 31.627, 37.288, 37.74, 30.937, 30.937, 38.1, 31.627, 32.937]
[30.937, 30.937, 30.937, 30.937, 30.937, 30.937, 30.937, 30.937, 30.937, 30.937, 30.937, 30.937, 30.937, 30.937, 30.937, 30.937, 30.937, 30.937, 30.937, 30.937]
[30.937, 30.937, 31.627, 33.479, 30.937, 31.627, 30.937, 32.286, 30.937, 33.479, 31.627, 31.879, 31.627, 30.937, 33.731, 30.937, 33.375, 30.937, 31.879, 30.937]
[37.216, 35.474, 31.627, 33.479, 36.391, 32.937, 30.937, 31.627, 37.659, 38.076, 30.937, 33.449, 30.937, 31.627, 31.627, 35.435, 37.288, 34.139, 39.042, 31.627]
[36.465, 32.286, 31.879, 32.789, 34.351, 39.431, 37.216, 32.789, 33.449, 35.69, 35.336, 30.937, 30.937, 30.937, 37.288, 31.627, 32.892, 30.937, 33.449, 30.937]
[33.449, 30.937, 30.937, 30.937, 30.937, 30.937, 30.937, 31.627, 30.937, 30.937, 31.627, 30.937, 30.937, 30.937, 30.937, 30.937, 32.286, 30.937, 30.937, 30.937]
[30.937, 30.937, 30.937, 31.879, 31.627, 31.627, 32.286, 32.286, 31.627, 31.627, 32.286, 32.286, 33.479, 32.286, 30.937, 30.937, 31.627, 30.937, 30.937, 31.879]
duracao: 7.387901
lupum@lupum-Aspire-E5-471:~/SubidaEmEncosta$ python encosta.py 'entrada'
[57.618, 57.618, 57.618, 57.618, 57.618, 57.618, 57.618, 57.618, 57.618, 57.618, 57.618, 57.618, 57.618, 57.618, 57.618, 57.618, 57.618, 57.618, 57.618, 57.618]
[45.0, 47.103, 53.711, 43.123, 59.006, 46.302, 47.171, 48.357, 52.086, 49.352, 48.734, 54.438, 50.116, 47.881, 42.02, 44.294, 49.359, 49.787, 44.654, 43.591]
[38.547, 38.547, 38.547, 38.547, 38.547, 38.547, 38.547, 38.547, 38.547, 38.547, 38.547, 38.547, 38.547, 38.547, 38.547, 38.547, 38.547, 38.547, 38.547, 38.547]
[39.582, 39.197, 38.547, 38.547, 42.025, 38.547, 37.311, 39.197, 39.553, 37.311, 38.524, 37.311, 37.896, 39.783, 37.311, 40.813, 38.547, 40.841, 41.508, 38.547]
[85.788, 46.43, 85.788, 47.123, 85.788, 85.788, 85.788, 42.767, 85.788, 47.118, 85.788, 85.788, 46.317, 49.893, 85.788, 85.788, 85.788, 85.788, 85.788, 42.285]
[85.788, 55.012, 85.788, 85.788, 50.578, 85.788, 85.788, 49.916, 85.788, 43.446, 85.788, 47.229, 85.788, 85.788, 85.788, 46.627, 85.788, 85.788, 85.788, 85.788]
[85.788, 85.788, 85.788, 85.788, 85.788, 85.788, 85.788, 85.788, 85.788, 85.788, 38.547, 85.788, 85.788, 85.788, 85.788, 39.582, 85.788, 85.788, 85.788, 85.788]
[85.788, 85.788, 85.788, 38.547, 85.788, 85.788, 85.788, 85.788, 85.788, 85.788, 37.896, 39.582, 85.788, 85.788, 85.788, 38.547, 85.788, 85.788, 85.788, 85.788]
duracao: 28.634654

+++++++++++++++++++++++++++++++++++++++++++++++++++++++++++++++++++++++++++++++++++++++++++++++++++++++++++++++++++++

